time0001 = 0.25;