time0006 = 1.49999999997;