time0002 = 0.499999999994;