time0008 = 1.99999999996;