time0004 = 0.999999999981;