time0007 = 1.74999999996;