time0009 = 2.24999999995;