time0003 = 0.749999999987;