time0005 = 1.24999999997;