time0018 = 4.49999999989;