time0015 = 3.74999999991;