time0019 = 4.74999999989;