time0016 = 3.99999999991;