time0017 = 4.2499999999;