time0013 = 3.24999999992;