time0010 = 2.49999999994;