time0014 = 3.49999999992;