time0012 = 2.99999999993;