time0011 = 2.74999999994;