time0020 = 4.99999999988;