time0026 = 6.49999999984;