time0024 = 5.99999999986;