time0023 = 5.74999999986;