time0025 = 6.24999999985;