time0027 = 6.74999999984;