time0029 = 7.24999999983;