time0028 = 6.99999999983;