time0022 = 5.49999999987;