time0021 = 5.24999999988;