time0039 = 9.74999999976;