time0030 = 7.49999999982;