time0037 = 9.24999999977;