time0036 = 8.99999999978;