time0033 = 8.2499999998;