time0038 = 9.49999999976;