time0031 = 7.74999999981;