time0035 = 8.74999999979;