time0034 = 8.49999999979;