time0032 = 7.99999999981;