time0043 = 10.7499999997;