time0048 = 11.9999999997;