time0046 = 11.4999999997;