time0045 = 11.2499999997;