time0049 = 12.2499999997;