time0042 = 10.4999999997;