time0044 = 10.9999999997;