time0040 = 9.99999999975;