time0047 = 11.7499999997;