time0041 = 10.2499999997;