time0051 = 12.7499999997;