time0054 = 13.4999999996;