time0056 = 13.9999999996;