time0050 = 12.4999999997;