time0053 = 13.2499999997;