time0059 = 14.7499999996;