time0055 = 13.7499999996;