time0058 = 14.4999999996;