time0057 = 14.2499999996;