time0052 = 12.9999999997;