time0063 = 15.7499999996;