time0062 = 15.4999999996;