time0066 = 16.4999999996;