time0069 = 17.2499999996;