time0067 = 16.7499999996;