time0060 = 14.9999999996;