time0068 = 16.9999999996;