time0065 = 16.2499999996;