time0064 = 15.9999999996;