time0061 = 15.2499999996;