time0075 = 18.7499999995;