time0073 = 18.2499999995;