time0079 = 19.7499999995;