time0074 = 18.4999999995;