time0072 = 17.9999999995;