time0076 = 18.9999999995;