time0071 = 17.7499999995;