time0070 = 17.4999999995;