time0077 = 19.2499999995;