time0078 = 19.4999999995;