time0082 = 20.4999999995;