time0081 = 20.2499999995;