time0087 = 21.7499999995;