time0083 = 20.7499999995;