time0084 = 20.9999999995;