time0080 = 19.9999999995;