time0088 = 21.9999999995;