time0089 = 22.2499999995;