time0086 = 21.4999999995;