time0085 = 21.2499999995;