time0094 = 23.4999999994;