time0091 = 22.7499999994;