time0090 = 22.4999999994;