time0095 = 23.7499999994;