time0092 = 22.9999999994;