time0093 = 23.2499999994;